 ======== Execução qbf080 ======= 

GA Padrão
Best solution: Solution: cost=[818.0], size=[39], elements=[1, 2, 3, 4, 8, 9, 14, 18, 19, 20, 21, 22, 24, 31, 34, 36, 37, 40, 42, 43, 44, 46, 47, 48, 49, 50, 51, 53, 55, 58, 60, 61, 62, 64, 70, 71, 74, 75, 76]
Time: 1800.017seg 

GA Pop
Best solution: Solution: cost=[740.0], size=[37], elements=[0, 1, 6, 8, 13, 14, 18, 19, 21, 22, 24, 25, 30, 34, 37, 41, 43, 44, 46, 47, 49, 50, 51, 52, 55, 58, 60, 61, 62, 63, 64, 68, 71, 72, 74, 76, 79]
Time: 1800.045seg 

GA Mut
Best solution: Solution: cost=[851.0], size=[36], elements=[1, 2, 3, 4, 7, 8, 13, 18, 19, 21, 22, 24, 31, 37, 42, 43, 44, 46, 47, 48, 49, 50, 51, 52, 54, 55, 58, 60, 61, 62, 64, 71, 73, 74, 75, 76]
Time: 1800.004seg 

GA Evol1
Best solution: Solution: cost=[810.0], size=[36], elements=[1, 2, 3, 4, 5, 7, 8, 10, 11, 13, 15, 16, 18, 24, 25, 31, 34, 37, 42, 43, 44, 47, 48, 49, 50, 51, 52, 54, 55, 57, 60, 61, 69, 73, 76, 78]
Time: 1769.43seg 

GA Evol2
Best solution: Solution: cost=[-379.0], size=[40], elements=[1, 2, 3, 6, 7, 9, 10, 11, 12, 18, 19, 20, 25, 32, 34, 35, 37, 44, 45, 46, 47, 48, 53, 54, 55, 59, 61, 62, 63, 66, 67, 68, 69, 70, 72, 73, 74, 76, 77, 79]
Time: 1800.022seg 

