 ======== Execução qbf100 ======= 

GA Padrão
Best solution: Solution: cost=[1180.0], size=[44], elements=[2, 6, 7, 9, 10, 16, 17, 18, 20, 22, 23, 26, 29, 33, 34, 38, 39, 42, 44, 47, 50, 56, 57, 59, 62, 63, 64, 66, 69, 71, 72, 75, 78, 80, 82, 84, 87, 90, 91, 92, 93, 94, 95, 96]
Time: 1800.005seg 

GA Pop
Best solution: Solution: cost=[1071.0], size=[46], elements=[3, 6, 8, 10, 12, 13, 14, 15, 16, 17, 20, 21, 22, 23, 29, 30, 33, 38, 43, 44, 45, 47, 48, 55, 57, 59, 62, 63, 66, 67, 68, 69, 71, 72, 75, 79, 81, 82, 84, 91, 92, 93, 94, 95, 96, 99]
Time: 1800.16seg 

GA Mut
Best solution: Solution: cost=[960.0], size=[44], elements=[3, 10, 11, 12, 14, 15, 16, 17, 20, 21, 22, 23, 24, 25, 30, 34, 38, 44, 49, 51, 57, 61, 62, 63, 64, 67, 68, 69, 71, 74, 77, 78, 79, 80, 81, 84, 85, 86, 89, 91, 92, 93, 96, 99]
Time: 1800.004seg 

GA Evol1
Best solution: Solution: cost=[1180.0], size=[46], elements=[3, 6, 10, 11, 12, 13, 14, 17, 18, 20, 21, 22, 28, 33, 34, 38, 44, 45, 55, 57, 61, 62, 63, 64, 67, 68, 69, 71, 72, 74, 75, 77, 78, 79, 81, 82, 83, 84, 86, 91, 92, 93, 94, 95, 96, 99]
Time: 1800.018seg 

GA Evol2
Best solution: Solution: cost=[20.0], size=[38], elements=[7, 9, 10, 17, 18, 25, 28, 34, 36, 37, 38, 39, 40, 41, 44, 45, 47, 48, 49, 50, 52, 53, 54, 55, 56, 57, 61, 62, 65, 67, 70, 72, 77, 83, 85, 90, 91, 92]
Time: 1800.027seg 

