 ======== Execução qbf200 ======= 

GA Padrão
Best solution: Solution: cost=[416.0], size=[100], elements=[2, 3, 6, 7, 8, 10, 11, 12, 14, 17, 21, 22, 24, 25, 28, 29, 32, 34, 38, 39, 40, 42, 44, 45, 46, 47, 50, 51, 52, 55, 56, 57, 59, 62, 69, 73, 74, 75, 76, 77, 78, 80, 81, 82, 84, 85, 90, 93, 94, 96, 97, 100, 102, 105, 108, 115, 116, 118, 124, 129, 130, 131, 134, 135, 136, 138, 139, 140, 142, 143, 145, 146, 150, 151, 152, 153, 154, 157, 160, 162, 166, 167, 168, 169, 171, 173, 174, 175, 176, 181, 182, 184, 185, 186, 191, 192, 195, 197, 198, 199]
Time: 1800.069seg 

GA Pop
Best solution: Solution: cost=[492.0], size=[106], elements=[0, 1, 2, 4, 5, 6, 11, 12, 14, 15, 16, 17, 21, 22, 24, 25, 28, 30, 31, 34, 35, 36, 37, 38, 40, 44, 45, 47, 49, 53, 56, 59, 63, 64, 65, 66, 68, 71, 73, 77, 78, 79, 80, 83, 85, 86, 89, 91, 92, 94, 95, 96, 99, 100, 101, 102, 103, 105, 107, 112, 114, 116, 117, 119, 120, 122, 125, 127, 131, 133, 134, 135, 137, 139, 140, 141, 142, 147, 148, 152, 158, 159, 160, 161, 163, 164, 165, 169, 171, 172, 173, 175, 176, 179, 182, 183, 186, 188, 190, 191, 192, 193, 194, 195, 197, 198]
Time: 1800.483seg 

GA Mut
Best solution: Solution: cost=[953.0], size=[104], elements=[1, 2, 4, 5, 11, 12, 13, 16, 17, 20, 23, 24, 30, 35, 36, 37, 39, 40, 43, 44, 47, 48, 50, 51, 53, 54, 55, 56, 57, 58, 59, 60, 61, 62, 66, 69, 71, 73, 74, 76, 77, 78, 81, 82, 87, 88, 90, 91, 92, 93, 94, 100, 103, 104, 105, 108, 113, 115, 116, 118, 120, 121, 123, 124, 126, 127, 129, 130, 133, 137, 139, 140, 141, 143, 144, 145, 147, 148, 152, 153, 154, 155, 158, 163, 164, 165, 169, 170, 173, 174, 175, 176, 178, 179, 181, 183, 184, 187, 190, 192, 193, 195, 198, 199]
Time: 1800.018seg 

GA Evol1
Best solution: Solution: cost=[342.0], size=[99], elements=[0, 3, 4, 5, 7, 11, 12, 15, 17, 19, 20, 26, 27, 28, 30, 31, 32, 34, 35, 36, 41, 43, 45, 46, 51, 52, 53, 57, 64, 66, 67, 68, 72, 73, 76, 77, 79, 81, 83, 84, 85, 86, 88, 89, 91, 93, 94, 96, 98, 101, 102, 103, 105, 106, 107, 110, 113, 114, 115, 121, 124, 128, 129, 131, 132, 133, 134, 135, 137, 139, 143, 146, 147, 149, 150, 152, 154, 156, 157, 159, 160, 162, 165, 166, 167, 168, 170, 171, 172, 173, 179, 182, 184, 185, 186, 188, 193, 197, 198]
Time: 1800.045seg 

GA Evol2
Best solution: Solution: cost=[195.0], size=[103], elements=[1, 2, 3, 4, 5, 7, 9, 10, 11, 14, 17, 18, 19, 22, 23, 27, 28, 29, 32, 33, 38, 39, 41, 44, 46, 47, 51, 54, 57, 58, 61, 62, 63, 66, 67, 73, 75, 76, 78, 79, 80, 81, 83, 84, 85, 86, 87, 88, 89, 90, 91, 92, 94, 103, 104, 108, 109, 110, 112, 113, 114, 115, 117, 118, 119, 121, 123, 128, 129, 131, 133, 136, 139, 140, 141, 146, 148, 149, 150, 151, 154, 157, 160, 161, 162, 163, 165, 167, 168, 169, 171, 175, 176, 177, 178, 181, 183, 186, 187, 188, 189, 192, 197]
Time: 1800.11seg 

