 ======== Execução qbf400 ======= 

GA Padrão
Best solution: Solution: cost=[1310.0], size=[198], elements=[1, 2, 3, 5, 6, 9, 13, 15, 16, 17, 18, 19, 20, 21, 23, 24, 25, 27, 28, 30, 31, 35, 37, 38, 43, 45, 46, 47, 48, 49, 50, 52, 55, 56, 58, 60, 63, 68, 69, 70, 79, 84, 86, 87, 89, 90, 92, 96, 99, 100, 102, 103, 105, 108, 109, 111, 114, 117, 122, 123, 128, 129, 130, 131, 134, 136, 137, 138, 140, 141, 145, 146, 147, 151, 154, 155, 156, 157, 159, 160, 161, 164, 165, 166, 167, 169, 171, 172, 174, 175, 177, 178, 182, 184, 186, 187, 190, 192, 193, 196, 198, 199, 203, 206, 207, 208, 209, 210, 211, 212, 213, 215, 218, 219, 221, 224, 228, 229, 231, 232, 236, 239, 240, 243, 245, 246, 247, 248, 250, 251, 255, 257, 260, 261, 262, 263, 267, 268, 271, 274, 275, 276, 281, 286, 287, 290, 291, 292, 295, 296, 299, 300, 301, 302, 303, 304, 305, 306, 307, 310, 313, 314, 315, 316, 317, 322, 327, 331, 332, 334, 335, 337, 343, 345, 347, 348, 349, 352, 354, 356, 357, 360, 361, 362, 363, 364, 368, 373, 374, 375, 377, 378, 379, 388, 394, 395, 397, 398]
Time: 1800.278seg 

GA Pop
Best solution: Solution: cost=[677.0], size=[206], elements=[1, 2, 4, 10, 13, 14, 15, 18, 20, 21, 22, 23, 27, 28, 29, 30, 31, 32, 36, 37, 38, 39, 41, 43, 45, 47, 48, 49, 50, 53, 54, 56, 58, 61, 64, 68, 73, 79, 80, 81, 86, 87, 91, 92, 94, 95, 96, 97, 100, 101, 102, 109, 110, 111, 113, 115, 118, 119, 120, 123, 124, 126, 130, 132, 133, 138, 139, 141, 144, 145, 146, 147, 148, 149, 150, 151, 154, 157, 161, 162, 163, 166, 167, 171, 172, 174, 176, 177, 179, 181, 182, 183, 184, 185, 188, 189, 190, 194, 195, 197, 199, 201, 202, 205, 209, 211, 212, 214, 216, 217, 219, 220, 221, 223, 226, 230, 232, 233, 234, 236, 238, 240, 241, 246, 247, 249, 252, 254, 255, 256, 257, 258, 260, 262, 263, 264, 266, 267, 268, 269, 271, 272, 273, 276, 277, 280, 283, 284, 286, 288, 289, 290, 293, 296, 297, 301, 305, 307, 308, 309, 310, 315, 319, 321, 323, 330, 331, 333, 336, 340, 341, 342, 343, 345, 346, 349, 350, 355, 356, 358, 361, 364, 365, 366, 367, 368, 369, 370, 373, 374, 375, 376, 377, 379, 384, 385, 387, 389, 390, 391, 393, 394, 396, 397, 398, 399]
Time: 1802.181seg 

GA Mut
Best solution: Solution: cost=[480.0], size=[213], elements=[1, 6, 8, 9, 11, 12, 13, 14, 17, 18, 23, 26, 28, 29, 30, 31, 32, 33, 36, 37, 39, 41, 42, 45, 47, 51, 52, 53, 54, 55, 57, 58, 59, 64, 65, 66, 69, 70, 72, 73, 74, 77, 78, 80, 81, 82, 84, 85, 89, 90, 91, 92, 93, 94, 99, 100, 101, 104, 105, 106, 107, 110, 111, 112, 113, 114, 118, 122, 125, 127, 129, 130, 133, 134, 135, 136, 137, 138, 139, 144, 147, 148, 149, 150, 151, 155, 157, 158, 159, 160, 161, 163, 168, 170, 171, 174, 179, 180, 181, 182, 183, 184, 187, 188, 189, 190, 191, 193, 195, 196, 197, 200, 202, 211, 212, 213, 217, 218, 219, 222, 223, 227, 230, 231, 236, 238, 239, 241, 243, 244, 246, 249, 250, 251, 252, 253, 256, 257, 258, 259, 263, 264, 266, 267, 268, 269, 271, 273, 282, 283, 288, 289, 290, 292, 296, 297, 298, 300, 301, 303, 304, 306, 307, 311, 312, 316, 317, 319, 321, 323, 324, 326, 327, 329, 331, 333, 334, 336, 337, 338, 341, 342, 344, 345, 346, 347, 348, 349, 350, 353, 356, 361, 362, 365, 370, 371, 372, 373, 376, 377, 379, 382, 383, 384, 386, 387, 389, 391, 392, 394, 397, 398, 399]
Time: 1800.778seg 

GA Evol1
Best solution: Solution: cost=[232.0], size=[195], elements=[1, 2, 5, 6, 7, 9, 15, 16, 18, 21, 22, 24, 27, 29, 31, 33, 34, 35, 37, 38, 39, 40, 41, 42, 44, 47, 50, 52, 53, 54, 60, 61, 63, 64, 67, 69, 70, 71, 72, 74, 75, 77, 79, 81, 83, 86, 87, 88, 92, 93, 95, 97, 98, 101, 105, 110, 112, 113, 116, 117, 118, 119, 120, 123, 126, 128, 129, 130, 133, 139, 140, 146, 147, 150, 153, 154, 156, 157, 158, 159, 160, 164, 166, 170, 173, 179, 180, 181, 182, 184, 186, 187, 188, 192, 193, 194, 199, 203, 205, 206, 207, 208, 209, 212, 218, 220, 221, 222, 226, 227, 234, 236, 239, 240, 242, 244, 245, 246, 247, 252, 253, 255, 258, 259, 260, 261, 262, 265, 266, 267, 268, 270, 271, 273, 274, 275, 278, 279, 280, 281, 282, 285, 288, 290, 292, 293, 295, 297, 299, 301, 302, 307, 308, 310, 311, 316, 318, 319, 321, 323, 324, 327, 329, 335, 338, 339, 340, 342, 345, 346, 348, 349, 353, 355, 359, 360, 361, 364, 365, 366, 367, 368, 369, 375, 377, 378, 382, 383, 387, 388, 389, 394, 396, 397, 398]
Time: 1800.288seg 

GA Evol2
Best solution: Solution: cost=[-382.0], size=[206], elements=[1, 2, 5, 7, 8, 9, 10, 11, 13, 14, 15, 16, 17, 18, 21, 22, 23, 24, 25, 26, 27, 28, 29, 32, 33, 35, 38, 39, 43, 45, 46, 47, 48, 50, 52, 54, 55, 56, 57, 58, 59, 61, 63, 64, 68, 69, 70, 71, 72, 73, 74, 75, 76, 78, 79, 81, 82, 83, 84, 85, 90, 92, 94, 96, 97, 98, 99, 101, 103, 104, 105, 106, 107, 108, 110, 116, 117, 118, 120, 123, 124, 127, 128, 132, 134, 136, 137, 140, 141, 142, 147, 148, 153, 159, 161, 162, 163, 169, 171, 172, 174, 176, 179, 180, 181, 184, 186, 188, 189, 190, 191, 193, 198, 206, 208, 209, 210, 211, 212, 213, 215, 217, 218, 220, 221, 222, 223, 224, 227, 229, 233, 234, 237, 240, 241, 242, 243, 244, 246, 247, 248, 251, 252, 253, 254, 256, 262, 263, 272, 275, 279, 281, 282, 284, 292, 293, 296, 297, 298, 300, 302, 303, 309, 313, 314, 317, 318, 319, 322, 324, 325, 326, 328, 329, 333, 334, 335, 340, 343, 345, 346, 347, 348, 350, 353, 354, 355, 358, 362, 364, 368, 376, 377, 380, 383, 385, 386, 387, 390, 391, 392, 393, 394, 395, 396, 399]
Time: 1800.503seg 

